1,12.17593,1
1,15.13889,0
1,18.10185,1
1,21.11111,0
1,24.16667,0
1,25.64815,1
7,27.12963,0
1,30.13889,1
1,31.62037,0
6,33.14815,1
4,36.15741,4.62963,1
4,42.17593,4.537035,0
1,48.14815,1
1,49.62963,1
1,51.15741,0
1,52.63889,0
6,54.16666,1
7,57.12963,0
1,60.18518,1
1,61.62037,0
6,63.10185,1
1,66.1574,0
1,67.63889,1
7,69.16666,0
4,72.17593,1.527775,0
4,75.18518,1.52778,1
1,78.14815,0
1,79.67593,1
6,81.11111,0
1,84.12037,1
1,85.64815,1
1,87.12962,0
7,88.6574,0
1,90.13889,0
1,91.62037,0
1,93.10185,1
6,94.62962,1
4,96.1574,1.574076,1
4,99.16666,1.574073,0
1,102.1759,1
1,103.6111,0
1,105.1389,1
4,108.1481,4.58333,1
4,114.1667,3.055554,0
1,120.1852,1
1,123.1481,0
6,126.1111,1
6,129.1204,0
4,132.1759,1.620373,1
4,135.1389,1.48148,0
1,138.1481,1
1,139.6296,0
7,141.1111,1
1,144.1204,0
6,145.6019,0
1,147.1296,1
7,148.6111,1
4,150.0926,5.416664,0
1,156.1574,1
1,157.5926,0
7,159.1204,1
1,162.0833,0
1,163.6111,1
6,165.1389,0
4,168.1944,1.527774,1
4,171.1574,1.574081,1
1,174.1204,0
1,175.6019,0
6,177.0833,0
1,180.1389,1
6,181.5741,0
1,183.1019,1
1,186.1574,0
7,187.6389,1
1,189.1204,0
4,192.1759,1.574075,0
4,195.1852,1.574072,0
1,198.1019,1
1,201.1574,0
7,204.1667,1
6,210.1389,0
4,216.1111,3.148153,1
1,220.6018,1
4,222.1296,3.055554,0
1,226.6667,0